69
88
170
5
379
10
56
153
52
14
372
157
20
46
93
152
78
84
61
89
428
74
6
60
529
85
28
70
21
92
435
97
9
53
109
96
13
105
2
45
161
64
17
71
12
54
498
49
86
81
76
103
91
66
108
80
48
63
18
150
95
409
50
67
16
11
72
43
87
55
401
378
82
151
168
51
107
4
79
94
131
15
68
90
83
\n
69
88
56
52
14
20
84
89
74
85
70
92
53
73
17
44
71
12
54
49
86
91
66
48
50
67
16
72
87
55
75
51
19
15
68
90
\n
\n
69
88
170
10
56
153
42
14
157
93
152
57
164
84
61
89
133
74
60
28
160
70
92
65
97
53
169
141
77
96
41
134
105
45
17
59
71
54
49
86
81
76
7
39
98
103
91
66
108
135
80
162
48
63
18
50
67
16
11
72
43
87
40
75
58
82
151
168
51
19
107
136
79
94
131
47
68
62
90
83
100
\n
69
88
10
56
153
52
14
20
46
152
132
133
74
6
85
70
92
65
9
53
13
41
73
45
64
22
44
71
12
49
86
159
81
91
66
80
48
18
50
67
16
11
72
87
55
8
82
51
19
131
47
15
68
62
90
83
\n
88
10
56
185
42
20
46
152
57
78
84
89
74
60
85
70
65
9
53
77
96
41
73
45
64
17
44
59
71
54
86
81
76
39
91
135
3
80
48
63
67
16
72
87
40
55
75
58
82
151
4
79
94
15
62
90
83
\n
69
88
10
42
52
46
57
78
84
61
89
6
60
85
65
53
77
41
64
17
44
59
12
144
81
76
39
140
66
135
3
80
48
63
50
16
11
72
43
87
40
139
75
58
82
4
136
79
47
68
62
90
83
\n
69
88
5
56
42
52
14
46
57
84
147
61
89
74
60
85
38
70
21
137
92
65
53
141
13
41
45
64
44
59
71
12
54
49
86
81
76
39
66
3
80
48
63
150
50
67
72
43
40
55
23
75
58
82
146
136
79
47
15
68
62
83
\n
