48
86
49
12
66
84
85
67
70
89
141
15
51
136
14
69
71
87
139
3
68
13
80
81
145
45
72
63
92
4
5
138
147
6
17
137
50
74
52
132
79
131
53
73
75
55
16
39
61
56
7
21
23
140
77
20
46
144
150
18
88
90
93
170
146
44
24
28
142
149
143
59
40
57
82
135
47
8
97
160
94
98
103
153
64
41
54
91
10
133
9
151
96
32
167
38
162
161
102
393
453
457
29
34
168
455
152
60
11
157
164
22
454
108
521
104
385
452
95
148
43
76
19
462
100
33
305
169
99
107
154
468
451
461
105
558
166
331
466
357
2
400
410
415
622
456
373
390
402
62
580
30
374
467
297
359
404
470
