48
86
49
12
66
84
85
67
70
89
141
15
51
136
14
69
71
87
139
3
68
13
80
81
145
45
72
63
92
4
5
138
147
6
17
137
50
74
52
132
79
131
53
73
75
55
16
39
61
56
7
21
23
140
77
20
46
144
150
18
88
90
93
170
146
44
24
28
142
149
143
59
40
57
82
135
47
8
97
160
94
98
103
153
64
41
54
91
10
133
9
151
96
32
167
38
162
161
102
393
453
457
29
34
168
455
152
60
11
157
164
22
454
108
521
104
385
452
95
148
43
76
19
462
100
33
305
169
99
107
154
468
451
461
105
558
166
331
466
357
2
400
410
415
622
456
373
390
402
62
580
30
374
467
297
359
404
470
438
110
440
358
408
325
433
106
459
518
389
401
244
101
372
394
450
458
442
426
381
412
475
513
27
398
156
109
386
379
421
163
406
436
37
430
347
397
388
249
460
354
376
617
447
1
413
627
391
420
218
345
380
526
431
621
365
307
444
200
480
351
524
434
590
188
464
409
520
405
441
465
614
294
414
122
165
205
422
193
25
155
364
382
575
285
625
423
437
182
445
522
449
215
508
26
78
306
581
529
248
121
463
369
472
311
428
158
485
407
375
435
174
500
117
616
411
346
481
489
299
552
217
377
514
619
330
298
446
353
370
361
0
490
130
519
282
484
338
35
493
469
367
239
483
159
350
114
341
378
362
366
363
291
417
572
292
194
