85
86
67
66
88
50
56
68
89
87
82
2
49
13
5
14
20
48
92
46
80
150
17
69
78
61
12
70
11
52
74
63
53
71
107
72
6
60
81
94
103
84
83
153
54
16
18
90
51
131
76
93
529
168
435
152
151
498
9
91
4
10
43
\n
72
88
70
90
87
56
68
51
71
50
48
66
53
52
74
91
92
84
55
14
86
69
54
85
73
67
89
12
44
20
16
17
49
19
75
15
62
13
107
18
10
3
512
64
57
458
105
510
151
421
361
369
2
364
434
81
43
168
483
413
370
509
441
\n
\n
83
72
68
84
75
87
77
88
57
39
80
86
107
65
141
51
41
45
61
67
50
81
69
54
66
59
63
82
89
43
60
17
58
47
90
103
98
151
92
79
42
53
11
131
16
18
162
136
71
48
91
14
7
135
134
160
94
164
108
152
168
49
62
\n
65
88
13
85
66
83
69
72
48
47
52
74
68
12
70
92
67
15
56
91
55
20
50
90
71
82
131
51
132
19
45
49
62
10
14
81
87
44
73
9
18
86
6
8
11
16
46
53
80
159
64
133
41
22
153
152
7
21
39
60
103
162
94
\n
59
58
77
85
41
57
83
55
78
76
42
60
46
87
40
17
56
86
64
10
74
45
54
53
71
79
90
81
63
72
75
82
73
80
84
91
3
15
44
62
70
88
4
9
16
39
135
20
65
89
67
48
151
94
152
96
185
5
43
49
97
107
93
\n
64
62
82
44
57
63
59
60
80
39
81
65
87
144
46
58
48
83
43
66
68
47
79
40
136
42
61
84
12
139
76
75
78
90
53
69
77
41
10
85
11
6
16
50
4
140
89
3
17
135
52
88
72
21
141
5
49
13
530
45
55
92
7
\n
92
84
66
49
82
67
58
62
40
85
43
65
61
3
69
74
70
71
13
14
44
41
53
68
76
88
46
56
59
80
86
42
45
54
89
141
137
39
63
60
57
72
136
52
79
47
83
48
75
21
15
146
150
5
50
55
23
38
12
81
64
147
78
\n
