85
86
67
66
88
50
56
68
89
87
82
2
49
13
5
14
20
48
92
46
80
150
17
69
78
61
12
70
11
52
74
63
53
71
107
72
6
60
81
94
103
84
83
153
54
16
18
90
51
131
76
93
529
168
435
152
151
498
9
91
4
10
43
105
97
379
96
409
157
372
108
378
161
428
15
55
45
64
79
21
401
28
170
109
95
165
400
160
98
100
410
445
22
106
102
7
23
424
104
110
164
167
406
524
387
0
166
526
411
398
518
420
8
73
42
47
65
62
169
461
355
429
520
486
162
99
101
515
430
156
521
33
509
377
407
154
32
454
225
371
251
392
500
423
475
431
384
467
472
19
39
523
391
469
388
402
405
155
\n
72
88
70
90
87
56
68
51
71
50
48
66
53
52
74
91
92
84
55
14
86
69
54
85
73
67
89
12
44
20
16
17
49
19
75
15
62
13
107
18
10
3
512
64
57
458
105
510
151
421
361
369
2
364
434
81
43
168
483
413
370
509
441
360
21
381
449
480
518
94
444
436
355
490
97
93
98
501
166
108
481
59
11
393
465
100
438
482
454
433
368
420
511
153
96
439
154
472
163
160
357
504
22
353
352
411
498
476
508
103
432
486
152
162
445
409
58
40
61
39
5
437
104
358
425
505
170
515
529
452
177
28
164
500
362
404
430
384
157
169
473
95
487
156
366
450
457
167
446
380
478
477
525
398
470
106
378
27
\n
\n
83
72
68
84
75
87
77
88
57
39
80
86
107
65
141
51
41
45
61
67
50
81
69
54
66
59
63
82
89
43
60
17
58
47
90
103
98
151
92
79
42
53
11
131
16
18
162
136
71
48
91
14
7
135
134
160
94
164
108
152
168
49
62
40
70
10
19
133
169
157
93
153
76
56
74
28
105
96
170
97
100
161
2
102
139
78
15
20
359
167
165
407
398
154
110
95
99
23
33
379
342
149
146
85
52
132
13
8
21
22
332
468
465
461
24
106
38
166
304
101
441
163
501
485
350
221
104
5
12
6
480
318
325
457
469
420
448
156
505
475
408
340
521
32
35
478
481
349
25
278
217
339
424
290
345
336
185
529
\n
65
88
13
85
66
83
69
72
48
47
52
74
68
12
70
92
67
15
56
91
55
20
50
90
71
82
131
51
132
19
45
49
62
10
14
81
87
44
73
9
18
86
6
8
11
16
46
53
80
159
64
133
41
22
153
152
7
21
39
60
103
162
94
58
54
42
168
425
170
169
93
508
5
490
399
493
368
480
510
386
404
441
23
107
167
157
362
406
98
364
387
426
28
392
450
478
1
433
444
160
352
437
165
440
491
275
84
89
43
514
24
161
500
151
164
402
369
472
338
361
497
32
398
418
97
424
154
108
360
457
477
410
358
400
525
390
429
502
427
434
522
489
99
432
421
517
394
442
282
393
527
445
485
474
420
96
370
373
\n
59
58
77
85
41
57
83
55
78
76
42
60
46
87
40
17
56
86
64
10
74
45
54
53
71
79
90
81
63
72
75
82
73
80
84
91
3
15
44
62
70
88
4
9
16
39
135
20
65
89
67
48
151
94
152
96
185
5
43
49
97
107
93
23
169
162
105
6
52
92
66
153
164
154
161
110
168
100
170
103
2
106
7
8
12
47
50
264
104
166
157
101
95
165
180
18
69
141
145
190
341
98
305
245
181
309
108
109
167
496
174
265
489
344
417
21
501
160
490
424
512
338
473
184
102
410
430
183
497
242
99
163
177
428
332
261
339
205
19
11
131
260
209
340
306
421
411
481
32
253
453
513
299
308
484
393
249
514
\n
64
62
82
44
57
63
59
60
80
39
81
65
87
144
46
58
48
83
43
66
68
47
79
40
136
42
61
84
12
139
76
75
78
90
53
69
77
41
10
85
11
6
16
50
4
140
89
3
17
135
52
88
72
21
141
5
49
13
530
45
55
92
7
8
134
520
71
54
23
286
33
318
103
107
321
285
381
138
148
51
20
272
157
94
466
161
260
330
320
22
218
222
369
314
229
510
515
278
442
151
98
174
160
93
169
472
312
261
168
145
143
146
147
56
108
518
270
432
282
417
105
401
341
352
295
2
34
521
281
100
274
287
338
28
152
214
612
490
254
167
313
166
373
525
323
357
527
178
418
512
149
9
326
333
283
425
154
37
\n
92
84
66
49
82
67
58
62
40
85
43
65
61
3
69
74
70
71
13
14
44
41
53
68
76
88
46
56
59
80
86
42
45
54
89
141
137
39
63
60
57
72
136
52
79
47
83
48
75
21
15
146
150
5
50
55
23
38
12
81
64
147
78
142
160
34
87
77
148
33
378
93
153
24
29
334
151
28
22
94
170
132
73
90
166
2
103
168
107
164
162
37
477
245
405
465
379
4
7
149
108
167
394
96
169
152
105
404
256
161
398
340
341
359
347
165
389
442
350
32
6
11
133
51
143
331
406
249
241
419
519
102
110
239
366
365
437
97
436
218
106
157
337
489
104
285
382
109
30
290
98
346
446
372
518
156
154
353
\n
