85
86
67
66
88
50
56
68
89
87
82
2
49
13
5
14
20
48
92
46
80
150
17
69
78
61
12
70
11
52
74
63
53
71
107
72
6
60
81
94
103
84
83
153
54
16
18
90
51
131
76
93
529
168
435
152
151
498
9
91
4
10
43
105
97
379
96
409
157
372
108
378
161
428
15
55
45
64
79
21
401
28
170
109
95
165
400
160
98
100
410
445
22
106
102
7
23
424
104
110
164
167
406
524
387
0
166
526
411
398
518
420
8
73
42
47
65
62
169
461
355
429
520
486
162
99
101
515
430
156
521
33
509
377
407
154
32
454
225
371
251
392
500
423
475
431
384
467
472
19
39
523
391
469
388
402
405
155
460
470
34
189
37
163
497
511
298
232
386
382
394
395
492
396
433
24
426
510
421
522
527
38
397
425
390
437
399
481
507
530
514
417
432
250
293
491
517
447
490
296
258
452
278
358
29
499
450
440
404
516
3
133
40
44
58
408
444
505
291
226
383
380
294
512
365
519
403
434
504
464
330
184
449
513
370
269
463
483
474
373
528
389
495
471
484
35
249
375
159
480
441
438
320
27
381
415
442
448
453
458
261
241
503
482
357
376
393
213
369
359
477
292
351
287
221
489
443
31
30
501
191
211
201
321
242
309
134
135
299
385
25
455
625
297
271
306
244
473
412
502
413
465
331
416
352
506
307
304
488
414
268
436
290
362
175
354
\n
72
88
70
90
87
56
68
51
71
50
48
66
53
52
74
91
92
84
55
14
86
69
54
85
73
67
89
12
44
20
16
17
49
19
75
15
62
13
107
18
10
3
512
64
57
458
105
510
151
421
361
369
2
364
434
81
43
168
483
413
370
509
441
360
21
381
449
480
518
94
444
436
355
490
97
93
98
501
166
108
481
59
11
393
465
100
438
482
454
433
368
420
511
153
96
439
154
472
163
160
357
504
22
353
352
411
498
476
508
103
432
486
152
162
445
409
58
40
61
39
5
437
104
358
425
505
170
515
529
452
177
28
164
500
362
404
430
384
157
169
473
95
487
156
366
450
457
167
446
380
478
477
525
398
470
106
378
27
359
407
418
227
375
161
65
83
4
405
23
485
211
110
463
415
252
491
506
479
356
363
24
516
399
522
395
519
528
365
109
464
428
442
99
383
102
226
34
372
417
165
33
246
460
401
390
351
451
503
492
429
371
389
448
494
402
431
394
489
38
367
385
461
423
517
391
453
397
235
32
41
241
427
101
354
514
507
419
513
530
426
484
440
373
469
410
155
526
158
493
392
462
408
374
521
159
424
388
488
37
499
25
524
244
376
213
495
217
308
379
265
345
377
447
29
422
416
307
250
344
268
459
299
311
261
400
403
263
46
133
135
63
520
527
328
523
270
247
285
412
386
455
443
396
264
474
30
220
475
266
214
292
111
114
218
414
471
\n
\n
83
72
68
84
75
87
77
88
57
39
80
86
107
65
141
51
41
45
61
67
50
81
69
54
66
59
63
82
89
43
60
17
58
47
90
103
98
151
92
79
42
53
11
131
16
18
162
136
71
48
91
14
7
135
134
160
94
164
108
152
168
49
62
40
70
10
19
133
169
157
93
153
76
56
74
28
105
96
170
97
100
161
2
102
139
78
15
20
359
167
165
407
398
154
110
95
99
23
33
379
342
149
146
85
52
132
13
8
21
22
332
468
465
461
24
106
38
166
304
101
441
163
501
485
350
221
104
5
12
6
480
318
325
457
469
420
448
156
505
475
408
340
521
32
35
478
481
349
25
278
217
339
424
290
345
336
185
529
223
220
404
358
29
333
117
477
411
181
524
179
482
281
484
109
439
471
470
405
504
64
73
231
335
499
155
458
158
353
230
437
191
425
500
472
283
401
34
27
508
338
514
397
494
428
605
180
406
354
362
523
413
453
348
363
311
190
370
225
380
309
463
249
429
330
490
294
360
460
498
199
209
371
280
341
375
368
306
212
390
159
297
237
381
421
365
395
214
241
299
183
357
291
509
344
455
525
387
295
232
321
426
372
378
412
334
454
585
400
456
30
46
55
300
419
285
418
206
435
495
409
37
279
383
479
503
276
361
171
467
303
172
476
317
211
215
434
430
302
510
244
204
528
438
519
530
122
26
423
293
393
385
198
202
369
487
513
\n
65
88
13
85
66
83
69
72
48
47
52
74
68
12
70
92
67
15
56
91
55
20
50
90
71
82
131
51
132
19
45
49
62
10
14
81
87
44
73
9
18
86
6
8
11
16
46
53
80
159
64
133
41
22
153
152
7
21
39
60
103
162
94
58
54
42
168
425
170
169
93
508
5
490
399
493
368
480
510
386
404
441
23
107
167
157
362
406
98
364
387
426
28
392
450
478
1
433
444
160
352
437
165
440
491
275
84
89
43
514
24
161
500
151
164
402
369
472
338
361
497
32
398
418
97
424
154
108
360
457
477
410
358
400
525
390
429
502
427
434
522
489
99
432
421
517
394
442
282
393
527
445
485
474
420
96
370
373
447
411
100
512
163
487
496
380
409
499
415
136
57
76
17
3
389
329
509
518
481
506
104
479
333
2
110
328
95
354
378
486
401
498
381
357
109
454
423
102
414
356
412
473
476
285
342
505
27
504
495
284
372
38
310
353
385
438
290
443
492
195
29
397
106
344
377
430
436
25
371
278
461
388
456
379
332
351
272
384
141
40
341
348
407
471
419
482
405
431
428
363
374
334
287
298
156
396
449
464
465
513
280
422
501
526
417
462
391
520
166
529
516
331
413
382
119
408
494
452
367
198
355
475
376
453
277
345
37
524
181
293
101
314
503
507
34
463
232
274
446
242
236
346
122
488
33
300
158
466
35
458
283
297
176
469
448
113
\n
59
58
77
85
41
57
83
55
78
76
42
60
46
87
40
17
56
86
64
10
74
45
54
53
71
79
90
81
63
72
75
82
73
80
84
91
3
15
44
62
70
88
4
9
16
39
135
20
65
89
67
48
151
94
152
96
185
5
43
49
97
107
93
23
169
162
105
6
52
92
66
153
164
154
161
110
168
100
170
103
2
106
7
8
12
47
50
264
104
166
157
101
95
165
180
18
69
141
145
190
341
98
305
245
181
309
108
109
167
496
174
265
489
344
417
21
501
160
490
424
512
338
473
184
102
410
430
183
497
242
99
163
177
428
332
261
339
205
19
11
131
260
209
340
306
421
411
481
32
253
453
513
299
308
484
393
249
514
312
218
252
194
420
34
258
279
324
350
334
502
500
369
232
280
225
304
333
199
28
156
203
400
480
485
38
198
498
364
191
247
298
173
336
397
418
176
436
464
217
517
378
427
492
301
230
255
192
310
313
295
366
251
510
134
68
61
175
172
465
268
325
345
327
493
348
347
342
398
22
111
208
494
201
318
432
518
244
526
272
456
445
171
471
178
444
274
474
187
281
262
204
269
270
450
506
495
278
399
193
482
285
477
429
413
179
27
499
343
515
197
294
24
202
319
419
222
372
438
189
277
470
414
335
182
196
300
229
455
442
287
373
363
240
475
238
212
290
293
246
472
478
216
415
425
449
519
423
303
530
433
370
353
195
283
337
431
\n
64
62
82
44
57
63
59
60
80
39
81
65
87
144
46
58
48
83
43
66
68
47
79
40
136
42
61
84
12
139
76
75
78
90
53
69
77
41
10
85
11
6
16
50
4
140
89
3
17
135
52
88
72
21
141
5
49
13
530
45
55
92
7
8
134
520
71
54
23
286
33
318
103
107
321
285
381
138
148
51
20
272
157
94
466
161
260
330
320
22
218
222
369
314
229
510
515
278
442
151
98
174
160
93
169
472
312
261
168
145
143
146
147
56
108
518
270
432
282
417
105
401
341
352
295
2
34
521
281
100
274
287
338
28
152
214
612
490
254
167
313
166
373
525
323
357
527
178
418
512
149
9
326
333
283
425
154
37
253
529
277
400
294
354
622
499
324
383
329
242
319
364
212
250
96
24
524
32
224
29
219
325
484
170
276
289
365
109
611
322
292
509
451
97
340
362
481
482
213
101
504
164
506
290
264
601
305
501
297
621
505
344
106
613
500
347
182
476
179
467
192
439
162
67
74
227
273
415
172
110
569
624
95
193
456
461
177
335
175
104
358
422
458
302
618
238
317
263
266
446
625
153
228
38
374
350
187
99
485
237
113
523
316
598
191
348
437
379
265
279
280
377
397
477
27
327
361
440
545
349
600
258
449
534
480
495
511
610
457
271
360
394
414
226
346
165
356
351
368
0
380
526
118
411
531
382
275
470
176
516
345
25
473
328
189
386
\n
92
84
66
49
82
67
58
62
40
85
43
65
61
3
69
74
70
71
13
14
44
41
53
68
76
88
46
56
59
80
86
42
45
54
89
141
137
39
63
60
57
72
136
52
79
47
83
48
75
21
15
146
150
5
50
55
23
38
12
81
64
147
78
142
160
34
87
77
148
33
378
93
153
24
29
334
151
28
22
94
170
132
73
90
166
2
103
168
107
164
162
37
477
245
405
465
379
4
7
149
108
167
394
96
169
152
105
404
256
161
398
340
341
359
347
165
389
442
350
32
6
11
133
51
143
331
406
249
241
419
519
102
110
239
366
365
437
97
436
218
106
157
337
489
104
285
382
109
30
290
98
346
446
372
518
156
154
353
252
417
217
262
403
343
100
376
410
414
95
163
358
362
253
373
393
533
101
240
159
517
401
357
438
529
550
344
526
504
27
117
280
427
434
131
145
244
349
384
516
413
441
191
408
409
180
540
314
509
205
510
370
99
301
432
313
439
452
380
374
447
342
234
35
225
422
532
360
400
476
435
238
418
416
390
299
130
386
524
511
355
420
385
491
415
243
395
391
318
458
236
433
172
312
111
377
242
425
367
250
514
494
158
257
387
317
181
383
472
450
248
25
397
118
222
485
484
129
198
322
440
295
323
506
530
330
335
412
487
254
233
521
259
351
352
134
135
0
270
281
562
325
507
288
175
122
267
177
126
513
522
338
512
552
237
426
466
\n
