69
629
365
138
101
479
347
333
628
249
518
468
234
0
555
88
481
352
408
170
523
582
115
217
276
308
5
449
120
247
379
440
511
614
269
202
597
10
385
384
56
533
550
142
500
472
340
153
174
404
185
417
24
288
301
320
565
436
37
25
257
389
52
14
570
184
372
504
110
587
619
125
344
357
196
542
460
157
559
189
20
421
46
93
606
284
416
325
152
228
289
448
57
316
78
261
29
216
475
492
164
179
591
443
321
376
623
211
253
485
106
238
121
514
348
574
84
353
480
602
147
397
61
221
293
453
132
396
89
133
411
116
243
428
1
265
507
527
312
74
206
307
292
233
452
6
248
60
380
117
512
439
270
529
546
85
201
381
220
366
534
102
334
302
260
349
28
38
598
160
561
392
297
70
424
192
407
630
429
275
21
137
165
33
92
467
229
566
484
252
197
361
625
435
97
329
583
522
461
493
551
456
324
285
224
519
578
317
156
615
403
9
188
388
53
356
169
593
141
610
420
499
109
328
471
256
488
124
225
339
77
554
193
537
476
526
489
590
547
212
96
622
393
515
457
173
13
129
569
41
371
503
605
73
128
343
237
105
244
2
266
360
205
508
311
541
398
558
530
586
298
412
618
425
513
430
166
32
34
148
264
45
161
279
64
573
180
296
17
444
149
375
601
584
562
176
423
191
402
22
44
286
577
579
291
59
118
281
204
545
259
27
413
71
391
12
445
382
54
572
313
611
144
498
49
466
335
236
181
350
540
86
159
604
187
406
172
113
219
274
419
81
377
230
362
451
76
567
7
245
318
509
39
434
98
616
303
271
208
599
477
387
494
345
367
552
535
103
323
594
140
213
621
91
483
520
66
240
251
626
155
198
108
330
462
521
130
399
278
455
223
394
306
135
563
299
226
3
267
505
438
431
241
80
167
35
473
490
426
589
162
531
374
255
209
487
112
617
516
123
355
553
458
194
145
48
525
557
580
63
295
18
282
150
414
95
327
409
263
310
50
67
199
177
182
331
441
16
585
370
502
463
127
338
470
576
359
544
31
613
154
600
11
72
175
386
314
446
571
595
612
143
497
43
250
465
231
627
450
99
363
556
539
87
482
203
524
581
495
218
104
368
588
517
319
40
304
26
258
158
351
390
186
55
114
401
171
139
418
23
8
75
568
119
58
378
235
246
433
510
207
272
383
346
549
536
82
214
287
151
300
620
447
315
432
410
36
168
146
30
51
405
190
183
19
422
273
373
603
564
305
210
326
107
239
242
4
294
126
136
341
506
268
358
79
195
437
474
400
94
283
415
395
624
464
332
575
427
596
528
459
131
47
15
163
200
68
62
178
277
442
501
369
607
90
111
227
322
486
337
122
469
354
309
543
215
560
491
222
592
496
454
364
232
100
